# Vibronic OPE - Temperature 0 K
# X-Axis:  Wavelength (nm)
# Y-Axis:  Intensity (10-6 J mol-1)
# Y-Axis2: Dipole Strength (a.u.)

# Peak information
#                  X                   Y                  Y2
#     456.0709143205        0.0195600000      203.8618654848
#     452.6404595626        0.0219900000      235.8257562436
#     442.7252733397        0.0087490000      102.6526980176
#     431.7269709591        0.0231000000      299.9008367970
#     425.1677668428        0.0673400000      929.6042146492

# Spectrum
#                  X                   Y              ~DY/DX
      407.8282252637        0.0000000000        0.0000000000
      409.8339273828        0.0000000000        0.0073829199
      410.8441947220        0.0364305000        0.0344803327
      411.5204779195        0.0740831000        0.0768623270
      412.1989912229        0.1453990000        0.1423637049
      412.8797456816        0.2754170000        0.2537736880
      413.5627524178        0.5035160000        0.4352300344
      414.2480226275        0.8884200000        0.7178359153
      414.9355675810        1.5129400000        1.1379487101
      415.6253986237        2.4865800000        1.7329920299
      416.3175271765        3.9501900000        2.5457475915
      417.0119647363        6.0512700000        3.5658752753
      417.7087228772        8.9482000000        4.7965047428
      418.4078132504       12.7748000000        6.1769836132
      419.1092475856       17.6089000000        7.6023603130
      419.8130376910       23.4407000000        8.9209160705
      420.5191954544       30.1385000000        9.9536849721
      422.2950271049       48.6448000000       10.3823929962
      423.0095664502       55.5662000000        9.0355711769
      423.7265279497       61.4593000000        7.2551732587
      424.4459239403       65.8964000000        4.9854438204
      425.1677668428       68.5963000000        2.4664243134
      425.8920691627       69.4650000000       -0.0282549439
      426.6188434907       68.6054000000       -2.2417118048
      427.3481025037       66.2825000000       -3.9935325034
      428.0798589655       62.8726000000       -5.1821939680
      428.8141257273       58.7873000000       -5.8928241966
      430.2902419988       50.0253000000       -5.8359545113
      431.0321176557       45.8432000000       -5.5332608311
      431.7765559087       41.9624000000       -4.9840119714
      432.5235700584       38.4126000000       -4.5224747086
      433.2731734976       35.1936000000       -4.0726957394
      434.0253797122       32.2927000000       -3.6370986727
      434.7802022817       29.7162000000       -3.1822323195
      435.5376548805       27.4887000000       -2.6794583012
      436.2977512782       25.6565000000       -2.1362619089
      437.0605053408       24.2493000000       -1.5453714842
      437.8259310315       23.2994000000       -0.9343127880
      438.5940424113       22.8153000000       -0.3272426824
      439.3648536403       22.7868000000        0.2359594741
      440.1383789782       23.1731000000        0.7464306724
      440.9146327852       23.9305000000        1.1887501465
      441.6936295230       24.9985000000        1.5588686098
      442.4753837559       26.3648000000        1.9066870664
      443.2599101513       27.9776000000        2.1975574796
      444.0472234808       29.8158000000        2.4665519104
      444.8373386213       31.8661000000        2.7775705215
      445.6302705556       34.1158000000        2.8937580036
      446.8249829839       37.8173000000        3.2528956666
      448.8304696536       44.4278000000        3.2601765649
      449.6377140791       46.9873000000        3.1067121095
      450.4478674769       49.3289000000        2.6950010500
      451.2609455994       51.3318000000        2.1976647854
      452.0769643129       52.8835000000        1.5772573630
      452.8959395990       53.8922000000        0.8698782958
      453.7178875550       54.3001000000        0.1176770101
      454.5428243954       54.0864000000       -0.6281177499
      455.3707664527       53.2722000000       -1.3188244118
      456.2017301788       51.9169000000       -1.9145187039
      457.0357321459       50.1101000000       -2.3850805410
      457.8727890473       47.9597000000       -2.7186088394
      459.1341392206       44.3349000000       -2.9532317972
      461.2519041805       38.0511000000       -2.9173653983
      462.1044904851       35.6693000000       -2.7499438455
      463.3892961327       32.3810000000       -2.4510810975
      464.2498097028       30.4211000000       -2.1533157909
      465.1135251650       28.6714000000       -1.8935123465
      465.9804604235       27.1483000000       -1.6202831172
      466.8506335161       25.8600000000       -1.3387262961
      467.7240626158       24.8135000000       -1.0586654708
      468.6007660320       24.0062000000       -0.7849968414
      469.4807622112       23.4315000000       -0.5267399217
      470.3640697391       23.0730000000       -0.2907442482
      471.2507073414       22.9119000000       -0.0818408259
      472.1406938853       22.9261000000        0.1096820625
      473.0340483806       23.0978000000        0.2697069154
      473.9307899815       23.4041000000        0.4068151807
      474.8309379877       23.8245000000        0.5193719460
      475.7345118457       24.3387000000        0.6152696523
      477.0963390094       25.2447000000        0.7062902475
      478.9242831867       26.5594000000        0.7083630078
      479.8435180384       27.1907000000        0.6709285287
      480.7662883871       27.7591000000        0.5656832011
      481.6926146691       28.2289000000        0.4397098808
      482.6225174785       28.5680000000        0.2833533617
      483.5560175686       28.7508000000        0.1053130640
      484.4931358539       28.7628000000       -0.0823272934
      485.4338934109       28.5959000000       -0.2713813182
      486.3783114806       28.2532000000       -0.4507235309
      487.3264114692       27.7468000000       -0.6123486451
      488.2782149504       27.0950000000       -0.7506841747
      489.2337436666       26.3212000000       -0.8619181075
      490.6740695383       24.9882000000       -0.9730565007
      491.6390075887       24.0224000000       -1.0230204640
      494.0680387914       21.5161000000       -1.0242480936
      495.0463851780       20.5324000000       -0.9841500201
      496.0286138669       19.5866000000       -0.9495485378
      497.5092869188       18.2676000000       -0.8572277930
      498.5013230699       17.4711000000       -0.7641733755
      499.4973233762       16.7496000000       -0.6830720867
      500.4973116463       16.1083000000       -0.5995062393
      501.5013118798       15.5488000000       -0.5147039142
      502.5093482693       15.0728000000       -0.4300719279
      503.5214452024       14.6797000000       -0.3471919517
      504.5376272634       14.3689000000       -0.2645757506
      505.5579192354       14.1398000000       -0.1835954871
      506.5823461027       13.9942000000       -0.1013147787
      507.6109330522       13.9332000000       -0.0166880685
      508.6437054759       13.9604000000        0.0703466774
      509.6806889729       14.0801000000        0.1610049173
      510.7219093514       14.2966000000        0.2556192718
      511.7673926311       14.6132000000        0.3496481622
      512.8171650449       15.0281000000        0.4387187040
      513.8712530416       15.5336000000        0.5166362288
      515.4605351481       16.4270000000        0.5986210626
      517.5949332384       17.7285000000        0.5984279086
      518.6687745573       18.3469000000        0.5598366534
      519.7470808834       18.8933000000        0.4605065306
      520.8298801227       19.3343000000        0.3481847192
      521.9172004144       19.6436000000        0.2172373887
      523.0090701331       19.8048000000        0.0772285359
      524.1055178914       19.8123000000       -0.0624347221
      525.2065725422       19.6697000000       -0.1938608040
      526.3122631815       19.3880000000       -0.3118175828
      527.4226191509       18.9829000000       -0.4135886743
      528.5376700399       18.4722000000       -0.4980268992
      529.6574456889       17.8746000000       -0.5650763236
      531.3460339878       16.8552000000       -0.6327704244
      532.4777537584       16.1198000000       -0.6621928426
      535.3282576399       14.2182000000       -0.6547258895
      537.0532563437       13.1241000000       -0.6142953756
      538.2094448836       12.4483000000       -0.5717242545
      539.3706223366       11.8303000000       -0.5034012553
      540.5368210628       11.2785000000       -0.4418503144
      541.7080737033       10.7984000000       -0.3778352790
      542.8844131821       10.3914000000       -0.3141076135
      544.0658727103       10.0574000000       -0.2523411322
      545.2524857884        9.7930900000       -0.1939871457
      546.4442862100        9.5949900000       -0.1396257890
      547.6413080647        9.4586700000       -0.0889846247
      548.2417877643        9.4125100000       -0.0653759123
      548.8435857416        9.3800700000       -0.0429489601
      549.4467063425        9.3607600000       -0.0218372761
      550.0511539322        9.3537000000       -0.0017765269
      550.6569328950        9.3586100000        0.0172809868
      551.2640476343        9.3746600000        0.0349054445
      551.8725025734        9.4010400000        0.0511715729
      552.4823021549        9.4370000000        0.0660142630
      553.0934508409        9.4816400000        0.0852783862
      554.3198134749        9.5937000000        0.0962974512
      554.9350364467        9.6589800000        0.1134300157
      556.1695884100        9.8035200000        0.1228556875
      559.2801344317       10.1928000000        0.1221850221
      560.5341168165       10.3368000000        0.1070575808
      561.7937350369       10.4619000000        0.0943669210
      562.4256694720       10.5153000000        0.0789540986
      563.0590271726       10.5618000000        0.0673425376
      563.6938129525       10.6007000000        0.0549958725
      564.3300316471       10.6317000000        0.0423118384
      564.9676881137       10.6546000000        0.0294496460
      565.6067872317       10.6693000000        0.0164889379
      566.2473339023       10.6757000000        0.0036645864
      566.8893330492       10.6740000000       -0.0086350699
      567.5327896184       10.6646000000       -0.0259463455
      568.8240949199       10.6238000000       -0.0367684211
      569.4719536572       10.5933000000       -0.0562111075
      570.7721084880       10.5143000000       -0.0689110070
      572.0782136409       10.4137000000       -0.0843708913
      573.3903100581       10.2934000000       -0.0991549995
      574.7084390584       10.1529000000       -0.1106357459
      575.3697787933       10.0744000000       -0.1277987136
      576.6970349751        9.8987600000       -0.1374183769
      577.3629619916        9.8005000000       -0.1589737936
      578.6994404839        9.5804300000       -0.1707937475
      579.3700026766        9.4577100000       -0.1957686660
      580.7157999349        9.1856900000       -0.2083874318
      581.3910458674        9.0365500000       -0.2323513171
      582.7462596970        8.7139100000       -0.2474528130
      584.1078062545        8.3642800000       -0.2662404348
      587.5396713396        7.4377100000       -0.2673211991
      588.9237355718        7.0768800000       -0.2522899408
      590.3143360676        6.7376900000       -0.2329377304
      591.7115192381        6.4275000000       -0.2095968819
      593.1153319347        6.1506100000       -0.1843263303
      594.5258214544        5.9087500000       -0.1651077569
      595.2335849265        5.8008700000       -0.1463081699
      595.9430355454        5.7014000000       -0.1343381311
      596.6541793510        5.6100300000       -0.1173513490
      598.0815708263        5.4504400000       -0.1015225978
      599.5158082517        5.3195100000       -0.0820694332
      600.9569409965        5.2144600000       -0.0646474149
      602.4050189061        5.1327300000       -0.0492740421
      603.8600923074        5.0714100000       -0.0361271935
      605.3222120147        5.0273400000       -0.0253536183
      606.7914293356        4.9970900000       -0.0171307282
      608.2677960772        4.9768800000       -0.0103965696
      614.2458112106        4.9195900000       -0.0108077455
      615.7587200687        4.8959200000       -0.0180332317
      617.2791000229        4.8648900000       -0.0229440377
      618.8070065512        4.8259800000       -0.0291705687
      621.1131013852        4.7530500000       -0.0350452595
      623.4364486621        4.6637400000       -0.0416046570
      625.7772427132        4.5590000000       -0.0479482591
      628.1356807995        4.4384200000       -0.0546199089
      630.5119631669        4.3003900000       -0.0620234849
      632.9062931031        4.1425300000       -0.0687183503
      634.5126412780        4.0254700000       -0.0756006663
      636.1271641865        3.8990300000       -0.0819419272
      638.5644132024        3.6934600000       -0.0886641819
      644.3246119508        3.1722100000704690343680029394731008.0000000000
