# UV-Vis Spectrum
# X-Axis:  Wavelength (nm)
# Y-Axis:  &epsilon;
# Y-Axis2: Oscillator Strength

# Peak information
#                  X                   Y                  Y2
#     326.3400000000        0.0002000000      260.2440253355
#     190.8000000000        0.4341000000   564859.6569906079
#     171.2300000000        0.0000000000        0.0000000000
#     159.4000000000        0.0007000000      910.8540886741
#     147.7400000000        0.0027000000     3513.2943420287

# Spectra
#                  X                   Y               DY/DX
       50.0000000000        0.0000000000        0.0000000000
       50.8000000000        0.0000000000        0.0000000000
       51.6000000000        0.0000000000        0.0000000000
       52.4000000000        0.0000000000        0.0000000000
       53.2000000000        0.0000000000        0.0000000000
       54.0000000000        0.0000000000        0.0000000000
       54.8000000000        0.0000000000        0.0000000000
       55.6000000000        0.0000000000        0.0000000000
       56.4000000000        0.0000000000        0.0000000000
       57.2000000000        0.0000000000        0.0000000000
       58.0000000000        0.0000000000        0.0000000000
       58.8000000000        0.0000000000        0.0000000000
       59.6000000000        0.0000000000        0.0000000000
       60.4000000000        0.0000000000        0.0000000000
       61.2000000000        0.0000000000        0.0000000000
       62.0000000000        0.0000000000        0.0000000000
       62.8000000000        0.0000000000        0.0000000000
       63.6000000000        0.0000000000        0.0000000000
       64.4000000000        0.0000000000        0.0000000000
       65.2000000000        0.0000000000        0.0000000000
       66.0000000000        0.0000000000        0.0000000000
       66.8000000000        0.0000000000        0.0000000000
       67.6000000000        0.0000000000        0.0000000000
       68.4000000000        0.0000000000        0.0000000000
       69.2000000000        0.0000000000        0.0000000000
       70.0000000000        0.0000000000        0.0000000000
       70.8000000000        0.0000000000        0.0000000000
       71.6000000000        0.0000000000        0.0000000000
       72.4000000000        0.0000000000        0.0000000000
       73.2000000000        0.0000000000        0.0000000000
       74.0000000000        0.0000000000        0.0000000000
       74.8000000000        0.0000000000        0.0000000000
       75.6000000000        0.0000000000        0.0000000000
       76.4000000000        0.0000000000        0.0000000000
       77.2000000000        0.0000000000        0.0000000000
       78.0000000000        0.0000000000        0.0000000000
       78.8000000000        0.0000000000        0.0000000000
       79.6000000000        0.0000000000        0.0000000000
       80.4000000000        0.0000000000        0.0000000000
       81.2000000000        0.0000000000        0.0000000000
       82.0000000000        0.0000000000        0.0000000000
       82.8000000000        0.0000000000        0.0000000000
       83.6000000000        0.0000000000        0.0000000000
       84.4000000000        0.0000000000        0.0000000000
       85.2000000000        0.0000000000        0.0000000000
       86.0000000000        0.0000000000        0.0000000000
       86.8000000000        0.0000000000        0.0000000000
       87.6000000000        0.0000000000        0.0000000000
       88.4000000000        0.0000000000        0.0000000000
       89.2000000000        0.0000000000        0.0000000000
       90.0000000000        0.0000000000        0.0000000000
       90.8000000000        0.0000000000        0.0000000000
       91.6000000000        0.0000000000        0.0000000000
       92.4000000000        0.0000000000        0.0000000000
       93.2000000000        0.0000000000        0.0000000000
       94.0000000000        0.0000000000        0.0000000000
       94.8000000000        0.0000000000        0.0000000000
       95.6000000000        0.0000000000        0.0000000000
       96.4000000000        0.0000000000        0.0000000000
       97.2000000000        0.0000000000        0.0000000000
       98.0000000000        0.0000000000        0.0000000000
       98.8000000000        0.0000000000        0.0000000000
       99.6000000000        0.0000000000        0.0000000000
      100.4000000000        0.0000000000        0.0000000000
      101.2000000000        0.0000000000        0.0000000000
      102.0000000000        0.0000000000        0.0000000000
      102.8000000000        0.0000000000        0.0000000000
      103.6000000000        0.0000000000        0.0000000000
      104.4000000000        0.0000000000        0.0000000000
      105.2000000000        0.0000000000        0.0000000000
      106.0000000000        0.0000000000        0.0000000000
      106.8000000000        0.0000000000        0.0000000000
      107.6000000000        0.0000000000        0.0000000000
      108.4000000000        0.0000000000        0.0000000000
      109.2000000000        0.0000000000        0.0000000000
      110.0000000000        0.0000000000        0.0000000000
      110.8000000000        0.0000000000        0.0000000000
      111.6000000000        0.0000000000        0.0000000000
      112.4000000000        0.0000000000        0.0000000000
      113.2000000000        0.0000000000        0.0000000000
      114.0000000000        0.0000000000        0.0000000000
      114.8000000000        0.0000000000        0.0000000000
      115.6000000000        0.0000000000        0.0000000000
      116.4000000000        0.0000000000        0.0000000000
      117.2000000000        0.0000000000        0.0000000000
      118.0000000000        0.0000000001        0.0000000000
      118.8000000000        0.0000000005        0.0000000000
      119.6000000000        0.0000000029        0.0000000000
      120.4000000000        0.0000000152        0.0000000000
      121.2000000000        0.0000000743        0.0000000000
      122.0000000000        0.0000003375        0.0000000000
      122.8000000000        0.0000014219        0.0000000000
      123.6000000000        0.0000055720        0.0000000000
      124.4000000000        0.0000203599        0.0000000000
      125.2000000000        0.0000695317        0.0000000000
      126.0000000000        0.0002224406        0.0000000005
      126.8000000000        0.0006680564        0.0000000043
      127.6000000000        0.0018875116        0.0000000350
      128.4000000000        0.0050271373        0.0000002536
      129.2000000000        0.0126459821        0.0000016278
      130.0000000000        0.0301024155        0.0000092972
      130.8000000000        0.0679289210        0.0000474222
      131.6000000000        0.1455703098        0.0002167680
      132.4000000000        0.2967490735        0.0008908777
      133.2000000000        0.5763852655        0.0033022435
      134.0000000000        1.0683843360        0.0110727783
      134.8000000000        1.8927545303        0.0336803039
      135.6000000000        3.2096082845        0.0931762860
      136.4000000000        5.2169708051        0.2350169345
      137.2000000000        8.1393748269        0.5416494903
      138.0000000000       12.2053068742        1.1429219295
      138.8000000000       17.6137774062        2.2116637105
      139.6000000000       24.4933072493        3.9299879756
      140.4000000000       32.8597329630        6.4178495563
      141.2000000000       42.5814558692        9.6334986559
      142.0000000000       53.3611689567       13.2809334163
      142.8000000000       64.7411777701       16.7777186827
      143.6000000000       76.1353373863       19.3299920722
      144.4000000000       86.8852145414       20.1227944129
      145.2000000000       96.3326967090       18.5763518210
      146.0000000000      103.8973360720       14.5733323399
      146.8000000000      109.1452996114        8.5584720540
      147.6000000000      111.8382713082        1.4585074076
      148.4000000000      111.9546101141       -5.5545901805
      149.2000000000      109.6804735725      -11.3695518119
      150.0000000000      105.3741464322      -15.2015843197
      150.8000000000       99.5112357303      -16.7362125402
      151.6000000000       92.6208828801      -16.1265602944
      152.4000000000       85.2234309714      -13.8749504028
      153.2000000000       77.7783386878      -10.6599255593
      154.0000000000       70.6481962902       -7.1690155140
      154.8000000000       64.0812775760       -3.9759377926
      155.6000000000       58.2119058676       -1.4744557565
      156.4000000000       53.0755716603        0.1380364977
      157.2000000000       48.6344957611        0.8420797095
      158.0000000000       44.8092057132        0.7572976868
      158.8000000000       41.5125056200        0.0939003055
      159.6000000000       38.6836711585       -0.8977653681
      160.4000000000       36.3224509106       -1.9733718750
      161.2000000000       34.5241749211       -2.9309806870
      162.0000000000       33.5186810715       -3.6334824884
      162.8000000000       33.7166464241       -4.0154270786
      163.6000000000       35.7670869799       -4.0755815750
      164.4000000000       40.6291498477       -3.8590382351
      165.2000000000       49.6598051282       -3.4336924013
      166.0000000000       64.7166559414       -2.8650852446
      166.8000000000       88.2719181564       -2.1912683706
      167.6000000000      123.5298858409       -1.3962321063
      168.4000000000      174.5362383242       -0.3774140621
      169.2000000000      246.2638403979        1.0992943945
      170.0000000000      344.6568287634        3.4640018871
      170.8000000000      476.6134058748        7.4315335436
      171.6000000000      649.8884774895       14.1137567908
      172.4000000000      872.9005231538       25.1456522443
      173.2000000000     1154.4330682047       42.8026694700
      174.0000000000     1503.2296673480       70.0727054431
      174.8000000000     1927.4918485397      110.6337880105
      175.6000000000     2434.3010492439      168.6833450577
      176.4000000000     3028.9969462837      248.5724028089
      177.2000000000     3714.5543141876      354.2224388494
      178.0000000000     4491.0072503728      488.3445780527
      178.8000000000     5354.9721154629      651.5355985349
      179.6000000000     6299.3181096609      841.3821188863
      180.4000000000     7313.0268545982     1051.7482557030
      181.2000000000     8381.2701071149     1272.4370119815
      182.0000000000     9485.7188229737     1489.3897442974
      182.8000000000    10605.0787213129     1685.5180425919
      183.6000000000    11715.8290793660     1842.1565542189
      184.4000000000    12793.1245891112     1941.0031403149
      185.2000000000    13811.8064499333     1966.3008981507
      186.0000000000    14747.4598029415     1906.9422111318
      186.8000000000    15577.4509615138     1758.1584511153
      187.6000000000    16281.8798875120     1522.5078631111
      188.4000000000    16844.3906335829     1209.9808449226
      189.2000000000    17252.7941263739      837.1850232307
      190.0000000000    17499.4724220774      425.7226980570
      190.8000000000    17581.5499243751       -0.0000000181
      191.6000000000    17500.8334768636     -415.2134788108
      192.4000000000    17263.5383165852     -797.1361282372
      193.2000000000    16879.8294532487    -1126.9373547726
      194.0000000000    16363.2173213929    -1391.0974412660
      194.8000000000    15729.8521306437    -1582.0594128603
      195.6000000000    14997.7631835186    -1698.1805391817
      196.4000000000    14186.0878445971    -1743.0862222510
      197.2000000000    13314.3303894546    -1724.5934591262
      198.0000000000    12401.6843623666    -1653.3994819261
      198.8000000000    11466.4441268161    -1541.7257278816
      199.6000000000    10525.5227885517    -1402.0756780757
      200.4000000000     9594.0853126681    -1246.2178866470
      201.2000000000     8685.2980198367    -1084.4534964977
      202.0000000000     7810.1891517996     -925.1797018894
      202.8000000000     6977.6100983474     -774.7230202170
      203.6000000000     6194.2832789533     -637.3916895492
      204.4000000000     5464.9205413262     -515.6850021230
      205.2000000000     4792.3951424949     -410.5968860559
      206.0000000000     4177.9507106441     -321.9584440064
      206.8000000000     3621.4318031022     -248.7760913468
      207.6000000000     3121.5225211133     -189.5354245654
      208.4000000000     2675.9818694440     -142.4537360620
      209.2000000000     2281.8669397868     -105.6747550268
      210.0000000000     1935.7373700259      -77.4070883933
      210.8000000000     1633.8367477106      -56.0129162094
      211.6000000000     1372.2485889081      -40.0561139452
      212.4000000000     1147.0261756328      -28.3196844189
      213.2000000000      954.2968526222      -19.8017869476
      214.0000000000      790.3423707758      -13.6982991010
      214.8000000000      651.6575434810       -9.3781749811
      215.6000000000      534.9898900250       -6.3561836151
      216.4000000000      437.3631213913       -4.2661127196
      217.2000000000      356.0873245192       -2.8363003639
      218.0000000000      288.7585668777       -1.8684331683
      218.8000000000      233.2504154060       -1.2199032883
      219.6000000000      187.6995784657       -0.7896027291
      220.4000000000      150.4875660902       -0.5067997094
      221.2000000000      120.2199457805       -0.3226368847
      222.0000000000       95.7044655713       -0.2037716134
      222.8000000000       75.9290348547       -0.1277097999
      223.6000000000       60.0403036911       -0.0794422370
      224.4000000000       47.3233665277       -0.0490589619
      225.2000000000       37.1829370207       -0.0300825816
      226.0000000000       29.1261955884       -0.0183201623
      226.8000000000       22.7473976108       -0.0110827134
      227.6000000000       17.7142442382       -0.0066611344
      228.4000000000       13.7559555967       -0.0039784697
      229.2000000000       10.6529437831       -0.0023617174
      230.0000000000        8.2279566143       -0.0013936701
      230.8000000000        6.3385491685       -0.0008176856
      231.6000000000        4.8707356880       -0.0004770669
      232.4000000000        3.7336768247       -0.0002768273
      233.2000000000        2.8552643648       -0.0001597880
      234.0000000000        2.1784757588       -0.0000917596
      234.8000000000        1.6583826866       -0.0000524319
      235.6000000000        1.2597104921       -0.0000298154
      236.4000000000        0.9548579101       -0.0000168752
      237.2000000000        0.7222985831       -0.0000095078
      238.0000000000        0.5452970929       -0.0000053332
      238.8000000000        0.4108824395       -0.0000029787
      239.6000000000        0.3090310011       -0.0000016567
      240.4000000000        0.2320189883       -0.0000009176
      241.2000000000        0.1739113186       -0.0000005061
      242.0000000000        0.1301597406       -0.0000002777
      242.8000000000        0.0972880388       -0.0000001512
      243.6000000000        0.0726463361       -0.0000000810
      244.4000000000        0.0542199934       -0.0000000415
      245.2000000000        0.0404814741       -0.0000000181
      246.0000000000        0.0302758907       -0.0000000025
      246.8000000000        0.0227328584        0.0000000106
      247.6000000000        0.0171988282        0.0000000253
      248.4000000000        0.0131853065        0.0000000451
      249.2000000000        0.0103293624        0.0000000747
      250.0000000000        0.0083636127        0.0000001199
      250.8000000000        0.0070934926        0.0000001895
      251.6000000000        0.0063801181        0.0000002959
      252.4000000000        0.0061274254        0.0000004574
      253.2000000000        0.0062725760        0.0000007004
      254.0000000000        0.0067788495        0.0000010627
      254.8000000000        0.0076304271        0.0000015979
      255.6000000000        0.0088286080        0.0000023816
      256.4000000000        0.0103891101        0.0000035188
      257.2000000000        0.0123401861        0.0000051548
      258.0000000000        0.0147213510        0.0000074879
      258.8000000000        0.0175825640        0.0000107871
      259.6000000000        0.0209837431        0.0000154132
      260.4000000000        0.0249945188        0.0000218466
      261.2000000000        0.0296941543        0.0000307204
      262.0000000000        0.0351715729        0.0000428623
      262.8000000000        0.0415254471        0.0000593442
      263.6000000000        0.0488643105        0.0000815429
      264.4000000000        0.0573066628        0.0001112109
      265.2000000000        0.0669810389        0.0001505599
      266.0000000000        0.0780260219        0.0002023574
      266.8000000000        0.0905901799        0.0002700363
      267.6000000000        0.1048319084        0.0003578193
      268.4000000000        0.1209191659        0.0004708558
      269.2000000000        0.1390290897        0.0006153719
      270.0000000000        0.1593474802        0.0007988319
      270.8000000000        0.1820681488        0.0010301078
      271.6000000000        0.2073921195        0.0013196540
      272.4000000000        0.2355266843        0.0016796834
      273.2000000000        0.2666843085        0.0021243382
      274.0000000000        0.3010813875        0.0026698506
      274.8000000000        0.3389368595        0.0033346838
      275.6000000000        0.3804706791        0.0041396467
      276.4000000000        0.4259021601        0.0051079724
      277.2000000000        0.4754481996        0.0062653503
      278.0000000000        0.5293213954        0.0076399027
      278.8000000000        0.5877280730        0.0092620955
      279.6000000000        0.6508662398        0.0111645736
      280.4000000000        0.7189234855        0.0133819121
      281.2000000000        0.7920748509        0.0159502771
      282.0000000000        0.8704806865        0.0189069895
      282.8000000000        0.9542845263        0.0222899896
      283.6000000000        1.0436109987        0.0261372018
      284.4000000000        1.1385638022        0.0304858021
      285.2000000000        1.2392237692        0.0353713947
      286.0000000000        1.3456470420        0.0408271070
      286.8000000000        1.4578633861        0.0468826171
      287.6000000000        1.5758746638        0.0535631302
      288.4000000000        1.6996534871        0.0608883244
      289.2000000000        1.8291420728        0.0688712894
      290.0000000000        1.9642513152        0.0775174852
      290.8000000000        2.1048600919        0.0868237472
      291.6000000000        2.2508148164        0.0967773685
      292.4000000000        2.4019292468        0.1073552891
      293.2000000000        2.5579845572        0.1185234204
      294.0000000000        2.7187296768        0.1302361342
      294.8000000000        2.8838818977        0.1424359403
      295.6000000000        3.0531277477        0.1550533760
      296.4000000000        3.2261241249        0.1680071249
      297.2000000000        3.4024996857        0.1812043771
      298.0000000000        3.5818564731        0.1945414399
      298.8000000000        3.7637717751        0.2079045978
      299.6000000000        3.9478001937        0.2211712188
      300.4000000000        4.1334759089        0.2342110929
      301.2000000000        4.3203151151        0.2468879865
      302.0000000000        4.5078186090        0.2590613872
      302.8000000000        4.6954745054        0.2705884099
      303.6000000000        4.8827610557        0.2813258281
      304.4000000000        5.0691495444        0.2911321934
      305.2000000000        5.2541072371        0.2998700000
      306.0000000000        5.4371003540        0.3074078506
      306.8000000000        5.6175970437        0.3136225801
      307.6000000000        5.7950703311        0.3184012914
      308.4000000000        5.9690010152        0.3216432623
      309.2000000000        6.1388804930        0.3232616822
      310.0000000000        6.3042134873        0.3231851834
      310.8000000000        6.4645206568        0.3213591349
      311.6000000000        6.6193410703        0.3177466723
      312.4000000000        6.7682345266        0.3123294444
      313.2000000000        6.9107837052        0.3051080615
      314.0000000000        7.0465961342        0.2961022391
      314.8000000000        7.1753059631        0.2853506365
      315.6000000000        7.2965755335        0.2729103954
      316.4000000000        7.4100967385        0.2588563919
      317.2000000000        7.5155921669        0.2432802194
      318.0000000000        7.6128160296        0.2262889261
      318.8000000000        7.7015548674        0.2080035335
      319.6000000000        7.7816280412        0.1885573699
      320.4000000000        7.8528880086        0.1680942496
      321.2000000000        7.9152203905        0.1467665373
      322.0000000000        7.9685438358        0.1247331327
      322.8000000000        8.0128096913        0.1021574129
      323.6000000000        8.0480014867        0.0792051697
      324.4000000000        8.0741342443        0.0560425767
      325.2000000000        8.0912536269        0.0328342187
      326.0000000000        8.0994349337        0.0097412141
      326.8000000000        8.0987819598       -0.0130805433
      327.6000000000        8.0894257311       -0.0354819993
      328.4000000000        8.0715231297       -0.0573223922
      329.2000000000        8.0452554230       -0.0784705282
      330.0000000000        8.0108267118       -0.0988058685
      330.8000000000        7.9684623102       -0.1182194198
      331.6000000000        7.9184070731       -0.1366144276
      332.4000000000        7.8609236828       -0.1539068703
      333.2000000000        7.7962909098       -0.1700257603
      334.0000000000        7.7248018590       -0.1849132580
      334.8000000000        7.6467622150       -0.1985246104
      335.6000000000        7.5624884959       -0.2108279244
      336.4000000000        7.4723063286       -0.2218037917
      337.2000000000        7.3765487535       -0.2314447794
      338.0000000000        7.2755545693       -0.2397548031
      338.8000000000        7.1696667250       -0.2467484020
      339.6000000000        7.0592307676       -0.2524499311
      340.4000000000        6.9445933511       -0.2568926900
      341.2000000000        6.8261008137       -0.2601180058
      342.0000000000        6.7040978263       -0.2621742851
      342.8000000000        6.5789261189       -0.2631160523
      343.6000000000        6.4509232854       -0.2630029883
      344.4000000000        6.3204216717       -0.2618989821
      345.2000000000        6.1877473472       -0.2598712090
      346.0000000000        6.0532191617       -0.2569892431
      346.8000000000        5.9171478874       -0.2533242158
      347.6000000000        5.7798354461       -0.2489480256
      348.4000000000        5.6415742219       -0.2439326052
      349.2000000000        5.5026464552       -0.2383492525
      350.0000000000        5.3633237198       -0.2322680248
      350.8000000000        5.2238664783       -0.2257572014
      351.6000000000        5.0845237143       -0.2188828134
      352.4000000000        4.9455326384       -0.2117082404
      353.2000000000        4.8071184648       -0.2042938731
      354.0000000000        4.6694942550       -0.1966968393
      354.8000000000        4.5328608250       -0.1889707904
      355.6000000000        4.3974067127       -0.1811657454
      356.4000000000        4.2633082013       -0.1733279875
      357.2000000000        4.1307293941       -0.1655000103
      358.0000000000        3.9998223385       -0.1577205081
      358.8000000000        3.8707271936       -0.1500244063
      359.6000000000        3.7435724381       -0.1424429275
      360.4000000000        3.6184751149       -0.1350036874
      361.2000000000        3.4955411082       -0.1277308185
      362.0000000000        3.3748654490       -0.1206451141
      362.8000000000        3.2565326468       -0.1137641915
      363.6000000000        3.1406170422       -0.1071026684
      364.4000000000        3.0271831784       -0.1006723499
      365.2000000000        2.9162861881       -0.0944824229
      366.0000000000        2.8079721926       -0.0885396539
      366.8000000000        2.7022787095       -0.0828485885
      367.6000000000        2.5992350688       -0.0774117503
      368.4000000000        2.4988628313       -0.0722298360
      369.2000000000        2.4011762104       -0.0673019062
      370.0000000000        2.3061824927       -0.0626255690
      370.8000000000        2.2138824569       -0.0581971571
      371.6000000000        2.1242707883       -0.0540118953
      372.4000000000        2.0373364873       -0.0500640593
      373.2000000000        1.9530632721       -0.0463471241
      374.0000000000        1.8714299709       -0.0428539022
      374.8000000000        1.7924109064       -0.0395766720
      375.6000000000        1.7159762681       -0.0365072946
      376.4000000000        1.6420924745       -0.0336373212
      377.2000000000        1.5707225218       -0.0309580898
      378.0000000000        1.5018263205       -0.0284608120
      378.8000000000        1.4353610188       -0.0261366507
      379.6000000000        1.3712813115       -0.0239767883
      380.4000000000        1.3095397358       -0.0219724863
      381.2000000000        1.2500869525       -0.0201151370
      382.0000000000        1.1928720128       -0.0183963079
      382.8000000000        1.1378426114       -0.0168077787
      383.6000000000        1.0849453252       -0.0153415716
      384.4000000000        1.0341258372       -0.0139899766
      385.2000000000        0.9853291478       -0.0127455710
      386.0000000000        0.9384997718       -0.0116012335
      386.8000000000        0.8935819218       -0.0105501551
      387.6000000000        0.8505196793       -0.0095858451
      388.4000000000        0.8092571522       -0.0087021345
      389.2000000000        0.7697386216       -0.0078931763
      390.0000000000        0.7319086746       -0.0071534425
      390.8000000000        0.6957123281       -0.0064777203
      391.6000000000        0.6610951395       -0.0058611051
      392.4000000000        0.6280033084       -0.0052989924
      393.2000000000        0.5963837678       -0.0047870695
      394.0000000000        0.5661842655       -0.0043213042
      394.8000000000        0.5373534371       -0.0038979347
      395.6000000000        0.5098408697       -0.0035134573
      396.4000000000        0.4835971579       -0.0031646154
      397.2000000000        0.4585739527       -0.0028483865
      398.0000000000        0.4347240019       -0.0025619705
      398.8000000000        0.4120011850       -0.0023027776
      399.6000000000        0.3903605415       -0.0020684155
      400.4000000000        0.3697582932       -0.0018566787
      401.2000000000        0.3501518609       -0.0016655360
      402.0000000000        0.3314998766       -0.0014931197
      402.8000000000        0.3137621909       -0.0013377148
      403.6000000000        0.2968998757       -0.0011977483
      404.4000000000        0.2808752237       -0.0010717798
      405.2000000000        0.2656517436       -0.0009584914
      406.0000000000        0.2511941529       -0.0008566790
      406.8000000000        0.2374683668       -0.0007652439
      407.6000000000        0.2244414855       -0.0006831845
      408.4000000000        0.2120817781       -0.0006095885
      409.2000000000        0.2003586654       -0.0005436265
      410.0000000000        0.1892426999       -0.0004845447
      410.8000000000        0.1787055449       -0.0004316588
      411.6000000000        0.1687199522       -0.0003843483
      412.4000000000        0.1592597374       -0.0003420511
      413.2000000000        0.1502997563       -0.0003042586
      414.0000000000        0.1418158784       -0.0002705107
      414.8000000000        0.1337849609       -0.0002403917
      415.6000000000        0.1261848216       -0.0002135265
      416.4000000000        0.1189942121       -0.0001895769
      417.2000000000        0.1121927899       -0.0001682379
      418.0000000000        0.1057610908       -0.0001492350
      418.8000000000        0.0996805011       -0.0001323213
      419.6000000000        0.0939332303       -0.0001172747
      420.4000000000        0.0885022828       -0.0001038958
      421.2000000000        0.0833714314       -0.0000920056
      422.0000000000        0.0785251894       -0.0000814435
      422.8000000000        0.0739487846       -0.0000720656
      423.6000000000        0.0696281325       -0.0000637429
      424.4000000000        0.0655498105       -0.0000563601
      425.2000000000        0.0617010326       -0.0000498139
      426.0000000000        0.0580696242       -0.0000440120
      426.8000000000        0.0546439983       -0.0000388721
      427.6000000000        0.0514131311       -0.0000343204
      428.4000000000        0.0483665393       -0.0000302913
      429.2000000000        0.0454942574       -0.0000267262
      430.0000000000        0.0427868156       -0.0000235730
      430.8000000000        0.0402352187       -0.0000207851
      431.6000000000        0.0378309255       -0.0000183211
      432.4000000000        0.0355658287       -0.0000161442
      433.2000000000        0.0334322355       -0.0000142217
      434.0000000000        0.0314228490       -0.0000125244
      434.8000000000        0.0295307502       -0.0000110264
      435.6000000000        0.0277493802       -0.0000097049
      436.4000000000        0.0260725241       -0.0000085394
      437.2000000000        0.0244942943       -0.0000075118
      438.0000000000        0.0230091150       -0.0000066061
      438.8000000000        0.0216117075       -0.0000058080
      439.6000000000        0.0202970756       -0.0000051051
      440.4000000000        0.0190604920       -0.0000044861
      441.2000000000        0.0178974849       -0.0000039413
      442.0000000000        0.0168038256       -0.0000034617
      442.8000000000        0.0157755162       -0.0000030398
      443.6000000000        0.0148087777       -0.0000026688
      444.4000000000        0.0139000395       -0.0000023424
      445.2000000000        0.0130459285       -0.0000020556
      446.0000000000        0.0122432588       -0.0000018035
      446.8000000000        0.0114890222       -0.0000015820
      447.6000000000        0.0107803788       -0.0000013874
      448.4000000000        0.0101146484       -0.0000012165
      449.2000000000        0.0094893020       -0.0000010664
